59566332835 59566334709
59566332835 59566332287
59566332835 5956632836
59566313064 5956632287
59566313064 595663677
5956636240 5956636239
5956639604 5956637288
5956636243 5956636239
5956636244 59566316262
5956636244 5956634702
5956632796 5956632404
5956632796 5956632314
5956632318 5956632321
5956632318 5956632320
5956632319 5956632323
5956632319 5956632321
5956632319 5956632845
5956637078 5956637391
5956632241 5956631832
5956632241 5956632786
5956631611 5956639567
5956631611 5956631570
5956637074 5956636213
5956637074 5956634803
5956637075 5956633889
5956637075 59566337078
5956637075 5956637391
5956637076 59566337078
5956637076 5956637077
5956637076 5956634802
5956637077 5956633889
5956637077 5956631572
5956637077 5956637078
5956632316 5956632324
5956632316 5956632315
5956632317 5956632323
5956632317 5956632233
5956632314 5956632796
5956632314 5956632315
5956632315 5956632323
5956632315 5956632316
5956632315 5956632314
59566310857 59566310856
59566310857 5956632403
59566310857 59566340858
5956632996 5956632997
5956632996 5956639544
5956632996 5956632993
5956632997 59566339544
5956632997 59566344189
5956632997 59566333027
5956632997 5956634807
5956632993 5956632363
5956632993 5956632285
59566334039 59566343065
59566334039 5956632286
5956633888 5956633889
5956633888 5956632477
59566314216 59566314218
59566314216 5956634696
5956631589 59566337348
5956631589 5956634805
59566331830 59566330655
5956634709 5956632836
5956634709 5956632835
5956634709 5956634708
5956634708 5956634711
5956634708 59566393
5956634708 5956636217
5956634708 5956634709
5956634707 5956634706
5956634707 59566393
5956634706 5956634707
5956634706 5956634710
5956634706 5956632836
5956634704 5956634699
5956634704 5956634697
5956634704 5956636244
5956634703 59566316251
5956634703 5956634699
5956634703 59566316260
5956634702 5956634718
5956634702 5956634719
5956634702 5956634837
5956634702 5956634699
59566330655 59566331830
5956631920 5956631571
5956631920 5956637086
5956631920 59566314180
5956632835 5956634709
5956632835 5956632287
5956632841 59566310851
5956632785 5956633548
5956632785 5956632786
5956632784 5956632800
5956632784 5956632786
5956632784 5956632787
5956632787 5956633548
5956632787 5956632784
5956632787 5956632783
5956632786 5956632785
5956632786 5956632787
5956632786 5956632241
5956632783 5956631767
5956632783 5956632800
5956632783 5956632787
5956632783 5956631768
5956639534 59566330124
5956639534 595663394
59566330394 59566339534
59566330394 59566330124
59566316243 59566346238
59566316243 5956636660
59566316243 59566344217
5956631590 5956634802
5956631590 5956634804
5956631590 5956634708
59566340858 59566310857
59566310855 5956637348
59566310855 59566310854
59566310855 59566340858
5956632795 5956632796
5956632795 5956634798
5956632795 5956636215
59566314189 59566314190
59566314189 59566333027
59566314189 5956634807
59566330090 59566330124
59566346996 59566316994
59566346996 59566316802
5956633548 5956632785
5956633548 59566316250
59566317017 59566316279
59566316251 59566316250
59566316251 5956634696
59566316251 5956634703
5956632496 5956632492
5956634804 5956637076
5956634804 5956634805
5956634804 5956636216
59566314180 5956631920
5956632493 59566331894
5956632493 5956632492
5956632492 5956632496
5956632492 5956632493
5956631832 59566331830
5956631832 5956631833
5956631832 5956631831
5956631833 5956631830
5956631833 595663141
5956631833 5956631769
5956631830 5956631831
5956631830 595663655
5956631831 5956631829
5956631831 5956631830
59566332287 59566332835
59566332287 59566343064
59566332287 595663677
59566332285 5956632363
59566332285 59566332993
59566332285 59566339543
59566316994 59566316995
59566316994 59566346996
59566316995 59566314207
59566316995 59566316996
59566316996 59566316995
59566316996 59566316237
5956637288 5956639604
5956637288 5956637292
5956637286 5956637284
5956636223 5956634719
59566346243 59566316238
59566346243 59566336660
59566346243 59566314217
59566314219 59566314218
59566314219 5956634696
59566314219 59566344216
59566314218 59566314219
59566314218 59566314216
5956637284 5956637286
5956637284 59566334041
5956634689 5956634697
5956639543 5956632285
5956639543 5956639544
5956639543 5956639545
5956637282 5956637284
5956637282 5956632286
59566314217 59566346238
59566314217 59566346243
59566314217 5956636660
5956637071 5956637072
59566337348 5956631589
59566314190 595663677
59566314190 5956639545
5956631689 5956632542
5956631689 59566316279
5956637072 5956637071
5956637072 5956632799
5956631572 5956637077
5956631572 5956637075
5956631572 5956639567
5956631572 5956631569
59566330677 59566344190
59566330677 5956632287
5956632799 5956633889
5956632799 5956633887
5956632799 5956637072
5956631571 5956631920
5956631571 5956631569
5956631571 5956639401
5956637292 59566314207
5956637292 59566314216
5956637292 5956637288
5956631909 5956631908
5956631909 5956634712
5956631829 5956631828
5956632234 5956632233
5956632233 5956632176
5956632233 5956632234
5956636239 5956636240
5956636239 5956636243
59566339534 59566330394
59566339534 59566331894
59566339534 59566339533
5956632321 5956632318
5956632321 5956632319
5956632321 5956632315
5956632320 5956632318
5956632320 59566310854
5956632320 5956632403
595663655 5956631830
59566334707 5956634710
59566334707 59566334706
5956632324 5956632323
5956632324 5956632316
59566334709 59566332835
59566334709 5956634711
5956631705 5956637079
5956631706 5956632477
5956632323 5956632319
5956632323 5956632324
5956632323 5956632315
59566332363 5956634712
59566332363 5956632285
59566316250 5956633548
59566316250 59566316251
5956637391 5956637075
5956637391 5956637078
5956637390 5956633888
5956637390 5956633887
5956632322 5956632282
5956632322 5956632314
59566314207 5956637292
59566314207 59566344216
5956634697 5956634704
5956634697 5956634703
5956634697 5956634689
5956634696 59566314219
5956634696 59566344218
5956634696 59566316251
5956634696 59566314216
59566331894 59566339534
59566331894 595663394
59566331894 5956632493
59566331894 59566330124
59566316279 59566317017
59566316279 59566316282
59566332993 59566332363
59566332993 59566332285
5956632800 5956632784
5956632800 5956632783
5956632800 5956633887
5956634615 59566316232
59566339533 59566339534
59566337390 5956633889
59566334706 5956634713
59566334706 59566334615
5956634800 5956634801
5956634800 5956632283
5956634800 5956632841
5956633027 5956634807
5956633027 59566344189
5956633026 59566333027
59566343064 59566330677
59566343064 59566343065
59566343065 59566343064
59566343065 59566334039
5956632285 5956639543
5956632285 59566316232
5956632285 5956632993
5956632286 59566332288
5956632286 5956637282
5956632286 59566334039
5956632287 59566330677
5956632287 59566313064
5956632287 5956632835
59566337078 5956637075
5956639568 5956639564
59566334798 5956634801
59566334798 5956636215
5956639564 5956639568
59566334797 5956634711
59566334797 59566334041
5956639567 5956633886
5956639567 5956639568
5956639567 5956631611
59566316260 59566316261
59566316260 5956634703
59566316261 59566316260
59566314278 5956632176
5956637087 5956637086
5956637087 5956632492
5956637086 5956637087
5956637086 5956631920
59566332288 5956632286
59566332288 5956632287
59566336660 5956631558
59566336660 59566346243
59566336660 59566344217
59566330124 59566330394
59566330124 5956639534
59566330124 59566330090
59566330124 59566331894
595663677 59566314190
595663677 59566313064
59566334041 59566334797
59566334041 5956637284
5956636213 5956637074
5956636213 5956634802
5956636213 5956637347
5956631767 5956632783
5956631764 5956632541
5956636217 5956634710
5956636217 5956636216
5956636217 5956636215
5956636217 5956634708
5956636216 5956634804
5956636216 5956634795
5956636216 5956636214
5956636215 5956632795
5956636215 59566334798
5956636215 5956636214
5956636214 59566393
5956636214 5956636216
5956636214 5956636215
5956634699 5956634704
5956634699 5956634703
5956634699 5956634702
59566320 5956631769
5956633185 5956632179
5956631768 5956632541
5956631769 59566320
59566334615 5956632836
59566334615 59566334706
595663124 595663394
595663124 59566339534
595663412 595663394
59566334718 5956634719
59566334718 5956634837
59566344190 59566339545
59566344190 59566344189
5956639400 5956631908
5956639400 5956634712
5956639400 5956639401
59566339544 59566339543
59566339544 5956639545
59566339545 59566344190
59566339545 59566314189
59566339545 59566339543
5956632282 5956632322
5956632282 5956632283
595663394 595663412
595663394 595663124
595663394 59566331894
59566339543 59566339544
59566339543 59566316232
59566339543 59566332285
5956632477 5956631706
5956637347 5956636213
5956637347 59566337348
5956637347 59566310855
5956637348 5956634805
5956631569 5956633889
5956631569 5956631572
5956631569 5956631571
59566316282 59566316279
5956639544 5956639543
5956639544 5956632996
5956632183 5956632182
5956632183 5956632282
5956632183 5956632184
5956632182 5956632183
59566393 5956634707
59566393 59566392
59566393 5956634708
59566392 59566393
59566392 5956631908
5956632184 5956632183
5956632283 5956634800
5956637079 5956631705
5956637079 5956631558
5956632844 5956636240
5956632844 5956632234
5956633889 5956633888
5956633889 59566337390
5956633889 5956637077
5956633889 5956631569
5956633889 5956632799
59566310856 59566310857
59566310856 5956631589
59566333027 5956632997
59566333027 59566314189
59566333027 5956633026
59566310854 59566310855
59566310854 5956632178
59566310854 59566310858
5956632836 59566332835
5956632836 5956634709
5956632836 59566334615
59566310851 5956632841
59566310851 5956632184
5956639545 59566339544
5956639545 5956639543
5956639545 59566314190
5956633887 5956632800
5956633887 5956637390
5956633887 5956632799
5956633886 5956639567
5956633886 5956631570
5956633886 59566337390
5956634716 5956634718
5956632178 5956632403
5956632178 5956632179
5956632179 5956632180
5956632179 5956633185
5956632179 5956632178
5956632176 5956632175
5956632176 59566314278
5956632176 5956632233
5956632177 5956632180
5956631908 59566392
5956631908 5956631909
5956631570 5956631571
5956631570 5956637086
5956631570 5956633886
5956631570 5956631611
5956632363 5956632993
5956632363 59566332285
5956634837 5956634702
5956634837 59566334718
5956632404 5956632796
5956632180 5956632177
5956632180 5956632179
5956632403 59566310857
5956632403 5956632178
59566344216 59566314219
59566344216 59566344218
59566344216 59566314207
59566344217 59566344218
59566344217 59566316243
59566344217 59566336660
59566344218 5956634696
59566344218 59566344217
5956634801 5956634800
5956634801 5956634711
5956634801 59566334798
5956634802 5956637076
5956634802 5956634803
5956634802 5956631590
5956634803 5956634802
5956634803 59566316802
59566316802 5956634803
59566316802 59566316237
59566316802 59566346996
5956634805 5956637348
5956634805 5956634804
5956634805 5956631589
5956631558 5956637079
5956634807 5956633027
5956634807 5956632997
5956634807 59566314189
59566346238 59566316243
59566346238 59566336660
59566346238 59566314217
59566316238 59566346243
59566316238 5956636660
59566316238 59566344217
59566344189 5956632997
59566344189 59566344190
59566344189 5956639545
5956634795 5956636213
5956634795 5956634805
5956634795 5956636216
5956632542 5956632541
5956632542 5956631689
5956634798 5956634711
5956634798 5956632795
5956636660 59566316238
5956636660 59566316243
5956636660 59566314217
59566316232 5956634615
59566316232 59566339543
5956632541 5956632542
5956632541 5956631764
5956632541 5956631768
59566316237 59566314219
59566316237 59566316996
59566316237 59566316802
5956634718 5956634702
5956634718 5956634716
5956634719 5956636223
5956634719 5956634702
5956634719 59566334718
5956634719 5956637152
5956639401 5956631571
5956639401 5956639400
5956632845 5956632319
5956632845 5956632317
59566310858 59566310854
595663141 5956631833
5956634710 5956634711
5956634710 5956634713
5956634710 5956636217
5956634710 59566334707
5956634710 5956634706
5956634711 5956634710
5956634711 5956634801
5956634711 5956634708
5956634711 5956634798
5956634711 59566334797
5956634712 59566332363
5956634712 5956634713
5956634712 5956631909
5956634713 5956634707
5956634713 5956634710
5956634713 5956634712
5956634713 59566334706
5956632175 5956632176
