7 12 13 14 15 17 18 19 20 21 22 23 25 26 27 29 30 31 32 33 34 35 38 39 41 42 43 44 45 46 51 52 58 64 65 68 78 83 85 86 87 90 92 94 95 98 101 106 107 108 109 111 113 114 117 119 120 122 125 128 130 131 132 133 136 137 141 151 155 160 163 169 176 178 182 186 187 188 191 206 207 212 213 215 219 220 221 222 223 224 227 231 232 233 235 236 237
0 2 6 9 10 12 13 14 15 17 18 19 20 21 22 25 29 30 31 32 33 34 35 37 38 39 40 41 42 43 44 45 46 47 48 49 51 52 58 68 69 71 74 76 82 83 85 86 87 88 92 94 95 98 99 100 101 102 103 104 105 106 107 108 115 116 117 119 123 124 125 128 129 130 131 133 135 136 139 141 142 151 152 160 163 167 168 175 187 191 204 206 207 211 212 215 218 220 221 222 223 224 228 233 236
1 2 5 6 7 9 10 12 13 14 15 17 18 19 22 25 29 30 31 32 34 35 38 39 41 42 44 45 46 48 51 52 53 56 58 64 65 69 71 74 75 76 79 83 84 86 87 88 92 94 95 97 98 99 101 103 107 108 115 116 120 122 123 124 125 127 129 130 131 133 134 136 137 140 141 148 152 164 165 169 173 174 175 176 179 181 182 185 186 187 188 191 194 198 199 200 203 206 207 210 212 213 218 220 221 222 223 224 226 227 228 230 232 237
4 5 6 7 9 10 12 13 14 15 17 18 19 20 21 22 23 26 27 28 29 30 32 34 35 38 39 41 42 44 45 46 47 48 51 52 58 59 63 69 71 74 75 76 77 78 83 86 87 88 90 92 94 95 96 97 98 99 100 101 106 107 115 116 117 119 120 121 122 123 125 128 129 130 131 133 134 135 136 137 138 140 141 143 145 151 152 155 160 163 166 169 170 180 181 182 191 200 204 206 207 210 211 212 213 218 219 220 221 222 228 232 236 237 239
1 2 3 6 7 8 9 10 12 13 15 17 18 19 20 21 23 25 29 30 31 32 33 34 35 36 38 39 41 47 48 52 57 58 63 64 65 67 68 69 71 74 76 83 85 86 88 94 96 97 98 101 103 115 116 117 120 122 123 124 130 131 134 136 152 160 163 166 167 169 172 175 182 186 187 188 191 199 200 201 204 206 207 211 212 213 215 218 219 220 221 222 223 228 232 233 235 237
4 6 7 8 12 13 15 18 19 20 21 22 23 29 30 31 33 42 43 44 45 46 57 63 64 87 88 92 94 95 97 98 99 101 103 104 105 117 119 120 122 123 124 129 133 163 171 175 182 186 187 188 191 204 206 207 210 211 212 213 215 220 221 222 228 232 233 236
0 1 2 6 9 10 12 13 15 17 22 29 30 34 35 38 39 41 43 45 46 47 48 49 52 58 61 62 64 67 69 71 74 76 83 84 88 92 94 95 97 100 101 113 115 116 120 121 133 135 144 152 159 160 167 173 175 182 186 187 204 206 207 210 212 213 221 222 230 233
0 1 2 5 6 7 12 13 18 19 20 21 25 26 27 29 30 31 32 33 34 35 38 39 41 42 47 48 49 51 52 56 57 58 61 62 69 71 77 83 94 96 97 99 101 107 116 117 119 123 124 125 128 129 130 131 135 136 137 141 144 151 160 163 167 168 172 173 174 186 187 191 200 203 204 205 206 207 212 213 215 220 221 222 223 228 230 232 233
15 17 18 19 21 23 25 26 27 29 30 31 32 33 34 35 36 38 41 44 45 46 48 51 52 58 61 63 64 65 67 69 78 92 93 94 95 100 101 103 107 113 120 122 125 128 130 131 135 136 137 140 141 149 151 159 160 163 167 168 172 175 176 178 182 186 187 188 191 206 207 210 212 213 215 219 220 221 222 227 228 231
1 3 5 7 8 11 12 13 17 18 19 20 21 22 23 25 30 31 32 35 38 39 41 43 45 46 48 51 52 57 61 64 69 71 74 75 76 78 79 82 83 91 92 94 95 96 97 101 106 107 108 115 116 117 119 120 122 123 124 125 130 134 136 167 168 175 176 177 178 179 182 186 188 191 198 200 202 204 206 207 212 213 215 219 220 223 224 225 227 228 230 231 232 237
0 1 2 5 6 7 8 9 10 12 13 15 17 18 19 20 21 23 25 26 27 29 30 32 33 34 35 38 39 41 42 43 44 47 48 49 51 52 53 57 68 69 71 74 75 78 82 83 84 85 86 87 88 92 93 94 95 97 99 100 101 102 103 104 105 107 109 116 117 119 120 122 123 124 125 128 129 130 131 137 141 146 151 152 160 163 166 167 169 173 174 175 176 178 179 191 196 198 204 206 207 211 213 215 219 220 221 222 223 226 227 228 229 230 231 232 233 235 236
0 2 3 6 9 10 12 13 14 15 17 20 22 29 30 33 35 39 42 43 44 45 46 51 52 56 58 59 62 63 64 65 74 75 76 77 82 83 84 86 87 88 90 92 93 94 95 99 101 102 105 107 111 113 115 116 117 119 121 123 124 125 129 131 136 144 152 162 166 167 173 175 176 179 182 186 187 188 198 200 201 203 204 206 207 212 213 215 218 220 227 239
7 29 51 52 53 58 61 62 82 88 89 92 94 95 100 101 107 109 125 127 130 136 140 144 148 149 152 163 173 174 176 177 179 198 204 211 213 220 223 226 227 235
0 1 2 9 10 12 13 14 18 19 20 21 22 23 25 26 27 28 29 30 32 33 34 38 39 43 45 46 47 48 58 60 68 69 71 77 79 82 83 84 85 86 87 88 90 91 92 93 94 95 97 98 99 101 107 111 113 116 117 119 125 128 129 130 131 133 134 135 136 137 149 151 152 155 160 163 167 168 169 175 176 178 179 182 186 187 191 198 200 201 206 207 210 211 212 213 214 215 218 221 222 223 227 228 230 233 235
5 7 9 10 12 13 14 15 17 18 19 20 21 22 23 25 26 27 29 30 31 32 34 35 38 39 40 41 43 44 45 46 47 48 49 51 69 71 74 75 76 78 83 84 90 94 97 100 101 106 107 109 115 116 117 119 120 122 125 128 136 138 141 143 151 152 155 160 164 167 168 173 174 175 177 178 179 180 182 185 191 198 206 207 210 212 213 215 219 220 221 222 227 228 230 231 233 237
0 1 2 6 7 8 12 13 17 18 19 20 21 25 26 27 29 30 31 32 34 35 36 38 39 41 42 47 48 49 51 57 58 64 65 68 69 71 78 92 93 94 95 96 97 100 101 103 104 106 107 116 117 119 123 124 125 128 133 136 137 141 151 160 163 167 168 172 175 186 187 188 191 203 204 206 207 212 213 215 220 221 222 223 228 230 231 232 233 235
0 2 3 5 7 8 14 15 17 18 19 20 21 22 29 30 31 35 36 38 39 41 42 43 44 45 46 47 48 49 51 52 53 55 56 58 61 62 63 64 65 68 69 71 74 75 77 78 79 80 81 82 84 86 87 88 92 94 97 99 100 101 102 103 106 107 109 111 116 120 122 125 129 130 131 133 136 139 141 142 144 147 155 160 164 168 169 172 173 174 175 176 179 182 184 185 188 191 195 196 198 200 201 203 204 205 206 207 210 211 212 213 219 220 221 222 224 227 228 230 232 233
0 1 2 5 6 12 13 15 17 18 19 20 21 22 23 30 31 32 34 35 36 38 39 40 42 43 45 46 47 48 49 51 52 55 56 57 58 64 65 68 69 71 74 75 76 77 79 82 83 85 86 87 88 92 94 95 96 97 99 101 102 103 107 108 109 115 116 117 119 120 122 123 125 127 128 129 130 131 133 134 136 148 151 163 167 172 173 174 175 176 179 181 182 188 191 198 200 201 203 204 206 207 208 210 211 212 213 215 219 220 221 222 223 224 228 230 232 233 235
2 6 9 10 12 13 18 19 21 22 23 29 30 31 32 33 35 36 38 41 43 45 46 51 52 56 58 61 62 64 65 68 69 71 78 82 83 84 85 86 87 91 94 96 97 98 99 103 106 107 108 116 117 119 122 125 129 130 131 136 139 140 142 144 151 152 160 166 167 168 172 173 174 177 178 182 186 187 188 191 200 201 203 204 206 207 212 213 215 219 220 221 222 223 224 228 230 231 232 233
1 7 8 14 15 17 18 19 20 21 22 23 29 30 34 35 38 39 43 44 45 46 47 48 49 51 66 67 68 69 71 77 78 81 82 83 84 85 86 88 89 90 92 93 95 97 113 116 119 120 122 128 130 131 133 148 149 151 152 159 160 163 168 176 177 178 179 182 191 195 196 198 200 201 206 207 211 212 219 220 221 222 224 227 228 230 231 232 233 235 239
0 2 15 17 22 26 27 29 30 34 36 43 45 46 51 61 62 64 77 81 82 86 87 88 93 96 98 99 101 106 107 108 109 120 121 125 128 129 130 131 136 137 138 140 143 144 151 160 163 169 172 175 176 179 180 182 186 187 188 195 196 198 206 207 212 227
7 8 13 19 21 23 26 35 46 78 85 86 87 88 89 92 93 98 99 103 129 141 144 163 173 174 176 178 181 182 187 191 204 212 219 220 221 226 227 228 231 232 235
0 1 2 3 6 7 8 13 15 17 18 19 22 23 25 26 27 29 30 31 32 33 34 35 37 38 39 40 41 42 43 44 45 46 47 48 49 51 52 53 57 61 62 63 68 69 71 74 76 77 79 87 88 92 94 95 97 101 103 104 105 107 108 115 116 117 119 120 123 124 125 128 130 131 132 133 134 136 137 140 141 144 148 149 151 152 160 163 164 166 167 168 169 182 191 199 200 201 204 205 206 207 211 212 213 215 220 221 222 223 224 228 230 232 233
0 3 5 7 8 10 11 12 13 14 15 17 18 19 20 21 22 23 25 29 30 31 32 33 34 35 38 39 40 43 44 45 46 47 48 49 51 52 53 58 68 69 71 74 75 77 78 82 83 84 85 86 87 88 90 92 94 95 97 100 101 108 116 117 119 120 122 125 128 130 131 133 135 136 141 151 152 160 162 163 164 167 175 177 179 181 182 191 198 199 200 204 205 206 207 209 210 212 213 215 219 220 221 222 223 224 228 230 231 232 233 236 239
0 1 2 3 6 7 12 13 15 17 18 19 20 21 22 23 25 29 30 31 32 33 34 35 36 38 39 40 41 42 43 47 48 49 50 51 53 57 61 63 64 65 69 71 77 79 82 83 92 93 94 95 96 97 98 101 103 105 107 108 116 117 119 123 124 125 127 128 130 131 133 134 135 136 148 149 151 152 160 163 164 167 171 172 176 179 186 187 188 191 198 199 200 201 202 204 205 206 207 213 215 218 220 221 222 223 224 227 228 229 230 232 233 236
0 2 3 4 6 7 9 10 12 13 14 15 17 18 19 20 21 22 23 25 26 27 29 30 31 32 33 34 35 36 38 39 41 42 43 44 45 46 47 48 49 51 52 56 57 58 64 65 68 69 71 78 81 83 84 86 87 88 92 93 94 95 97 98 99 101 102 103 106 107 114 116 117 120 122 123 124 125 127 128 129 131 133 136 137 138 140 143 144 151 152 158 160 165 167 173 174 175 176 178 179 180 181 182 186 187 188 191 193 198 204 206 207 210 211 212 213 214 215 218 219 220 221 222 224 227 228 230 231 232 233 236
0 1 2 5 6 7 9 10 12 13 14 15 17 18 19 20 21 22 25 29 30 32 33 34 35 38 39 43 44 47 48 49 51 52 53 58 68 69 71 74 75 76 77 79 82 83 84 85 88 91 92 94 95 101 103 107 109 115 116 117 119 120 123 124 125 128 131 134 136 149 151 152 160 162 163 173 174 175 191 207 209 210 211 213 215 218 220 221 222 225 226 228 232 233 235
18 19 26 27 34 40 45 46 58 77 78 82 92 105 115 120 122 137 141 170 176 179 182 191 198 219 220 221 222 227 228 231 236
0 1 2 6 9 10 12 13 14 18 19 20 21 22 25 26 27 28 29 32 33 34 35 38 39 40 43 44 45 46 47 48 51 52 56 57 58 68 69 71 77 78 79 82 83 84 85 86 87 88 92 93 94 95 97 98 99 101 102 103 104 106 107 116 117 119 123 124 125 128 129 131 132 133 134 136 137 140 141 144 151 152 160 163 167 168 173 174 175 176 177 178 179 182 187 191 198 201 212 213 215 218 220 221 222 223 227 228 230 231 232 233 235 236
1 2 5 6 7 8 9 12 13 15 17 18 20 21 22 23 28 29 30 32 34 35 36 38 39 40 41 43 45 46 47 48 49 51 52 58 64 68 69 71 74 75 76 77 78 79 82 83 87 88 92 93 94 95 96 97 98 99 107 109 115 116 120 122 123 124 125 128 129 134 136 140 141 151 160 162 167 172 175 176 179 182 186 187 188 198 200 201 204 206 207 209 210 212 213 218 219 220 221 222 227 232 233 236
